"","V1","V2","V3","V4","V5","V6","V7","V8","V9","V10","V11","V12","V13","V14","V15","V16","V17","V18","V19","V20","V21","V22","V23","V24","V25","V26","V27","V28","V29","V30","V31","V32","V33"
"1","0",1,1,1,1,1,1,2,2,2,2,2,2,2,2,2,2,2,2,2,2,2,2,2,2,2,2,2,2,2,2,2,2
"1862","sp|P07108|ACBP_HUMAN",22.7682600840679,23.0524378205382,23.231504879083,23.0952725884218,24.7149751265702,24.8714837694106,22.5491354669508,22.5401678894873,23.0295913089645,22.888904716417,25.455497055086,25.3743737059686,24.2909259030136,23.9593622543879,24.0449325590598,24.1753506224336,23.6325212375869,23.6526271784849,23.5964862517993,23.6698626975938,23.4827235696081,23.5191927955119,23.5609572652799,23.7065266302484,24.3206211664449,24.4530192293201,23.5020287041467,23.4580031296025,23.8270077097276,23.8273054919851,24.0946665459887,24.1680497887323
"1863","sp|P30531|SC6A1_HUMAN",20.9518116410876,20.1842235235454,23.4236574910951,23.291490807247,19.8982277185922,20.1851276150731,24.0630729061284,24.0241312177687,23.6094016586689,23.6553612903632,21.3166786335611,19.334623722121,22.3039298089179,22.8199808547089,22.6268711231225,22.5739388602302,22.3917280868958,22.3516749077289,23.4373304416823,23.4255714270758,23.6747742587349,23.6333077476922,23.2181183029285,23.2823164843065,22.3061093189146,21.4254174181416,23.4198546776649,23.6484599873007,23.6786287800291,23.6120576018709,22.2780419894242,22.1159364343093
"1864","sp|O75348|VATG1_HUMAN",21.4145859666913,17.888736122394,16.8442632714079,16.4724420497298,16.5252459065304,16.5246971889414,16.7659836484243,16.080271920095,17.2655307312639,17.1685576619845,19.722989597693,19.7907579241986,14.0050315998704,19.5865051268544,19.2597288668915,21.1806658776747,20.7420216408283,20.7353931341704,20.4934551199411,20.2300974533758,20.61510926713,20.3896366973118,20.8066607534158,20.671268748653,16.7853951111554,16.0387105850189,16.4930228410605,16.5342682452958,21.2609897789506,21.4371117610482,18.6047904530845,15.2049522997274
"1865","sp|Q92734|TFG_HUMAN",23.2464575042265,22.8033969771085,22.2900030843628,22.2555698166728,23.2613788657044,23.2016972774415,22.5358875611888,22.5922200453418,22.7778836789689,22.7586997890035,22.7169782597729,22.6826087579289,22.3391543443252,22.4808677338531,22.8885772186419,23.0061309274867,22.7686347955572,22.7543623954627,22.7994359780406,22.8122616704894,22.6765613530797,22.6052056663024,22.817707224372,22.7280314838595,23.0186899786962,23.0206804736572,22.3207594591314,22.4836308033591,23.0915011802349,22.9668578266839,23.1887730078177,22.9531299232249
"1866","sp|P23763|VAMP1_HUMAN",19.7409031038239,20.2181124572668,23.7046098515388,23.59087967404,22.9559079268199,23.1072191490486,24.6205134765147,24.6532268954821,23.9081469514886,23.8643186550151,22.838740361037,22.8299949924354,21.5789280412624,21.5301585048478,18.0958507755038,17.8585670437563,18.0463936667677,18.1260534217678,23.4591399117212,23.5731949097851,23.6136652003958,23.7274195098057,22.852997645324,22.6351567256387,23.1629327200022,23.0678392064413,24.2428448223331,24.2709672606798,24.2548497231324,24.316528186195,23.3653541987505,23.4877904596078
"1867","sp|Q9NR31|SAR1A_HUMAN",21.47517326483,21.5470554035074,21.3172667595441,21.2187339546234,20.9633268885377,21.046220307099,21.6142907522455,21.473510362875,21.4290575828392,21.5278145307045,22.1624679439537,22.0690231550716,22.0075570038114,21.961590605074,21.8715235880372,21.4754724478517,21.3312865464224,21.4776507373743,20.9536641877077,21.3450049312616,20.9489786879078,21.1728524972275,21.0594108054479,20.9091347789591,22.2385886362011,22.1780209796996,21.4470085625824,21.4573114267111,21.5856123299046,21.6928487403528,21.8626322497164,21.897565205891
"1868","sp|P13716|HEM2_HUMAN",24.2306296128855,23.9157566873147,22.8138484205689,22.6880569392058,24.0215669799541,24.1749106873178,22.5265391215991,22.509692098486,22.5440466433139,22.5577565973756,22.8880017159666,22.9820380265124,23.3678765441751,23.4126509681802,22.1607809890647,22.6106768307659,22.1806633611518,22.2129877205858,22.6279756876841,22.6152884777597,22.7034410378983,22.6522742020338,22.8861575715922,22.6773012292836,22.6680436161145,23.179638221848,22.6439933561746,22.6914664199647,22.6961762238391,22.7339709403704,23.0393327975912,23.0562825704076
"1869","sp|P52790|HXK3_HUMAN;sp|Q2TB90|HKDC1_HUMAN",24.4966505880604,24.4814327989806,23.746264562883,23.7734473583804,24.4654598787109,24.5617086540259,25.1697194501005,25.3472765562807,23.4505806536771,23.5120733353382,25.0246937292202,24.9861955307966,22.7886515220474,22.5351814876754,21.6771748509225,22.1206435296518,22.1861931539508,22.7244163337935,25.4966158205181,25.4295839264238,23.1265672984627,23.2135880426182,22.7757681983637,22.8238484375827,25.120153909273,25.1196547501875,23.544836145418,23.44382548881,25.8320956007726,25.8982999041021,23.7497797651456,23.8297355753691
"1870","sp|Q9NRV9|HEBP1_HUMAN",22.0870756086223,22.6633818895646,22.0483249405957,22.0747506620713,22.9112319075429,23.1184655686027,21.4453806580295,21.4637407882515,21.8014082782278,21.9729042592744,22.0097053566721,21.9879119805619,21.4491986605351,21.477751203558,23.1284133597602,23.0752829170348,22.5991105217658,22.8172337461018,21.3839698628813,21.5245133492024,22.0817202467219,22.0574855000675,22.3829264208015,22.3238640451924,22.4289980455689,22.5993343705744,21.77613023877,21.8127451932359,21.8251532309514,21.651527989037,22.3110787783643,22.1465679829332
"1871","sp|Q15293|RCN1_HUMAN",23.7547495319297,24.0324110660441,21.5219869347311,21.6077874467751,22.6007017140005,22.6887698522382,22.4290408619893,22.3514872480797,22.3016909474021,22.1837285956437,22.1223468242195,22.0455361154095,23.4120199971234,23.2695115542156,24.8567701421311,24.4487135167186,24.5837234512613,24.4897783122308,22.2783564375167,22.352746960021,21.5495761072488,21.7520629353348,21.756821206833,21.7022275258276,23.4415218034062,23.8622698692041,22.3988845561197,22.4907457892892,22.6476300326879,22.6845923783563,23.0899729022128,23.3282396329641
"1872","sp|O96000|NDUBA_HUMAN",21.802519687722,22.0800376053688,23.2113815485021,23.1162203247359,20.9713356536639,20.8985225783377,22.8882929637162,22.9789471041103,23.3249583438882,23.170779502761,21.7887419173112,21.9345342562884,22.918222796457,22.8182387375953,22.6217853174374,22.5059009869796,22.1616177779958,22.1017069919764,22.2842078983203,22.1817896072206,23.0958744160662,23.157606918348,22.8516171932928,22.7817980389106,20.4866735940217,20.4607819864432,23.4427643438511,23.3401938734978,21.774131179152,21.8781455588511,22.4344503962465,22.4559097653466
"1873","sp|P04080|CYTB_HUMAN",21.7922613954196,21.6597969976966,22.4879234331528,22.6098722074036,23.3170997156546,23.4063769422094,20.8400789078903,20.9875452074955,22.2652531291799,22.3618800705959,22.4922080178217,22.8098278193956,24.0051134938811,23.8919126833601,24.3302865656282,24.1121583491608,23.6017038497411,23.5627719363242,21.7449644173202,21.8338486345309,22.385654482187,22.4068927914998,22.9848465397526,22.9306635237951,23.2104965682574,23.2482963750944,22.9987529082105,22.9090227041082,23.5973170133635,23.3839348700778,24.6652161439212,24.7273538041662
"1874","sp|P62750|RL23A_HUMAN",25.1137797924987,24.7990240173257,22.8138484205689,22.8490710945093,23.055684519956,23.1209936729063,22.9397326256067,22.8994609422508,22.5900141853327,22.5314041715802,22.3247417888206,22.0887708840887,23.2588233645005,23.0847692971346,22.7381075843242,22.5974008053585,22.528628503065,22.3271383495276,22.367700867786,22.1898455621653,22.6012371238086,22.5248987774869,22.0023352482542,22.2453374079773,23.306709710693,23.4556224872575,22.1297070717689,22.3289225394496,23.2932661097782,23.3919514695118,22.5456581968481,22.6284287031908
"1875","sp|Q9P0L0|VAPA_HUMAN",21.7544458333511,21.5722846099128,23.0614957857346,22.9930028620438,22.6719221282065,22.804518763762,22.6120554839818,22.6606793550745,22.5393234410796,22.6453010120405,22.5743237980749,22.6826087579289,22.6628302789575,22.6188510015665,21.2288686558296,21.219008053507,20.8166184537482,20.6855197106827,22.5337128848719,22.6152884777597,22.4802019012274,22.5138327185126,22.4799502415541,22.3606157131905,19.5881372952691,19.2611726950577,22.593585883874,22.4917590573905,22.6891719106306,22.923643515433,18.6331257160188,18.5625660967757
"1876","sp|O43676|NDUB3_HUMAN",22.0382064055555,21.0081161276357,22.0978807549317,22.3921133163183,21.8253140847857,21.6314862818071,23.0489452874778,23.3097078509419,23.2047497273955,23.050642510456,22.0811059019473,22.2547262836534,22.4413327595013,22.3423762564933,22.2400124551354,22.1087150326221,21.9195203305512,22.0013295903455,22.7284957717509,22.7416016305122,22.8780453784617,22.9656093648677,22.7730962966649,22.8129407520139,20.3787733735856,20.4270886677496,22.6670837440568,22.8216406234153,22.7402981179525,22.8538593825362,21.4803379739236,20.87527530069
"1877","sp|P01042|KNG1_HUMAN",24.2056456877487,24.5767330593118,23.2773313931406,23.4357967730706,23.4201236599929,23.5437454674954,19.8024579753249,20.0175855371299,20.6180560385175,20.7459755611356,22.9969344580438,22.9174554267185,25.2013374922761,25.2810261569631,21.2831082406088,21.3760037852711,20.9690576522874,20.84548226637,20.8847525326566,20.9885424803143,20.3951597020247,20.4717625882908,20.807456798127,20.7439163581474,22.1270672444198,21.9573651945796,21.4978571966934,21.4488814083993,22.495511696313,22.4687056867354,21.7117945261879,21.9753028433169
"1878","sp|P01619|KV301_HUMAN",19.3555204488977,19.4450637423522,14.4697268317229,12.5915599207873,15.1005147989835,15.0370051498762,13.9326607171764,13.8022234930488,17.233547984391,17.4564572473606,15.1890354297533,13.7553832322665,18.8605593083779,17.8684307374398,7.9668131661921,8.13011855313109,9.16356277888965,-26.3648166481686,14.3175496289518,14.7158566604954,13.6643481642574,11.9656596759049,12.7658610759843,14.3466445093854,7.51699280414316,12.124613528739,14.7107907018849,14.682487694613,13.0489500605853,11.786977333638,-17.6717291143273,15.3578719190795
"1879","sp|P14649|MYL6B_HUMAN",18.990934294515,19.6277017854992,19.1217391747885,18.9202501543695,19.8058339122072,19.9131267172032,19.1019718415414,18.9623852288499,19.4913620648636,19.4639038272579,18.23210960295,18.384714140844,18.1003072339832,18.3946385084132,17.3425948583379,17.1282901380751,16.4715612794868,16.7513675381588,18.7059105697049,18.5053472539734,19.0320390306967,18.7571514177274,18.679279261192,18.5660118968889,17.9989365689214,17.551309173063,19.3427005064574,19.1792859312659,18.9521033113779,19.1437635319389,16.5090718299779,16.5907989866319
"1880","sp|Q15746|MYLK_HUMAN",21.2475895098695,21.4589503534927,21.3865475856908,21.3381024716481,22.7916523732353,22.7136930556042,21.5812365513419,21.5154268473297,21.494567551923,21.3944470887655,21.0401046677726,20.8219675999243,21.1023274103559,20.9607490393041,19.65063722442,19.7812503450943,19.8523396924468,19.8886628045628,20.8091074422604,20.6612875507015,20.9512376913589,20.9329242752117,20.5653490331393,20.7359874361899,21.1740147825602,21.325117640829,21.374992494614,21.3812032171694,21.3961595024483,21.6232978855426,20.8160321286363,20.9188627409828
"1881","sp|E9PAV3|NACAM_HUMAN",23.8143621006352,24.0280123679577,22.3032548965006,22.2158181599032,22.2405860389646,22.3336402097481,22.2701836366499,22.1791852965088,21.9710245299136,21.943228141213,23.1123260381435,23.0088662446243,23.537255667748,23.4711957689056,25.0251210990913,24.7552629222665,24.9787751312022,24.656017860354,22.1624715923317,22.2514107503347,22.1375094123293,22.1147888865931,22.1950028752664,22.0877213880434,24.7821425033291,24.8389732454881,21.8103859581764,21.8353942687739,22.4472888419547,22.4161140404634,23.4555851525328,23.678272354972
"1882","sp|O95989|NUDT3_HUMAN",21.6608465710482,21.8539648454114,23.2447566912209,23.0952725884218,23.1797419631132,23.3304388568636,22.7692692712151,22.6827183085289,23.0694862094357,22.9963519142664,22.9356737146788,22.7581582425248,23.0367426716046,22.9222795925265,23.2144192547781,23.0030729413522,23.0598686062781,22.9346933991914,22.7644130244095,22.8236995069452,22.9199573440514,22.8500741127378,22.8198998615336,22.8767577941928,22.7302874016151,22.8545249911207,23.1384085894464,23.1237663533415,23.2785579329338,23.2865800308517,22.366469307596,22.4655088014587
"1883","sp|Q8TBG9|SYNPR_HUMAN",17.8687959631518,21.3285661030579,22.2900030843628,22.3193413744031,17.7094637344385,17.1679164990197,22.3918611880899,22.5430821022658,23.0058852078721,23.0132819033502,17.4957364762966,18.651577038149,20.8739146114844,20.8206677480974,16.6881211254335,17.677465536849,16.6631811349621,16.3882506669205,22.4550478001703,22.4816211510679,22.4163218876802,22.3795962318345,22.2930142691191,22.2666588808249,17.658624625407,17.5763255424784,23.0502973817026,23.0495586141552,19.9150937728899,19.5733419355524,20.7883353205262,20.7228250189455
"1884","sp|Q9H1K4|GHC2_HUMAN",-19.6127194119383,-19.2919014201585,16.3368479627949,17.0349116502596,4.06826521052324,5.55352687673165,16.214333949766,15.6827715309063,16.6700147651132,16.9551990320079,10.3408992564241,11.0503880500648,15.1531341061056,14.3259140294917,0.885873317390481,1.62296324846452,7.46961073796962,2.09891722054423,13.6857361879202,14.2176867105952,16.4363241377927,16.6303042919427,16.4104251308087,16.1561199636571,9.05559638254263,8.21536029843866,17.0191720129279,17.364662381839,12.3616802672785,10.6227511316977,12.6186641364233,13.344042435747
"1885","sp|P43007|SATT_HUMAN",19.9397633475429,20.2614412186435,23.99543043013,23.9152540402815,21.7278702847677,21.8796675512482,23.8959877793649,23.828862982447,23.7048738198196,23.8413289468164,22.1756031753359,22.1861830549,21.9962893138231,21.8927158244844,17.0462334215384,17.027395794033,16.9841312653738,17.273875908838,22.833608086943,22.9012520298562,22.556944955878,22.5224247418719,22.7427097210983,22.7402353614367,23.4973663768002,23.6488135082566,22.5493053536801,22.6015977410996,22.9099669978496,22.8950985044355,22.5345166112294,22.691569585131
"1886","sp|P52758|UK114_HUMAN",20.4150600938542,20.0528381190499,23.0539286354097,23.0882175873848,22.9318467552714,22.8585485858153,22.8484228925109,22.9529532773001,23.2301728113664,23.217647554929,23.4182880650164,23.4294853007101,22.8657606803836,22.7522620048515,20.5718181587084,20.3871167590236,20.1691980024329,20.3850961679731,23.1452477519822,23.1476972242188,23.2411628753288,23.1847799294272,23.1005816617846,23.002926863395,22.1904392320196,22.1870227655132,23.4801070999516,23.4789950589973,23.8749582175943,23.8664111952605,22.5243466125783,22.35334725839
"1887","sp|P51452|DUS3_HUMAN",20.3690607270055,19.9750499496287,22.2340936812041,22.2424481238174,22.0486287344589,22.0185252981941,21.6351888271123,21.771458915112,22.2606895673325,22.312968905238,21.9815317050343,21.9743269636977,21.2858955098226,21.2513370852903,21.9912777642383,21.7130779162995,22.0413883130574,21.6957575901144,21.9168937208871,21.8421392307726,22.068935208884,21.9376468170882,21.9467025891772,21.9824077652787,22.0712301522028,22.1853785805498,22.3622496759022,22.4026258809211,22.1128059852683,22.3337815987937,22.403880880461,22.3412041594846
"1888","sp|Q6ZVL6|K154L_HUMAN",23.009029416463,23.0764790886705,22.077035486985,21.913804642536,21.0186528372436,20.35111034622,22.1976469218113,22.2466154153113,22.3972442387019,22.4129961600533,20.4583048179154,20.3966515280967,21.8627855227499,21.7247336108218,22.521983357006,22.3838891347679,22.3180591511495,22.2457271026811,21.5574648171104,21.6908505544456,21.8144175979521,21.7574743390378,21.5756404068816,21.577694024733,22.8742927831401,23.3309401017209,22.2046490631927,22.0418451092754,21.9178429816268,22.1866615244488,21.4439012915324,21.4419257428935
"1889","sp|P15121|ALDR_HUMAN",24.7200937472313,25.006090331748,23.7733412063894,23.7946347560506,22.703544421804,22.2387732993192,23.9335228235443,23.8496707907741,24.0149658042619,23.9525980221615,23.091365349105,23.0088662446243,23.4828626537558,24.0757831912425,24.3302865656282,24.4218005107596,24.4137026774706,24.4339169097872,24.2859692089396,24.2483113520786,24.2608437469937,24.21207313068,24.2277540404587,24.3126369188096,21.5350895539536,21.615732189003,23.8289133369827,23.8788780339801,23.9531153548193,23.943736439807,24.617045617452,24.2092302654169
"1890","sp|Q9NX40|OCAD1_HUMAN",22.1770187615222,21.5217690466139,21.5799328400245,21.5453651711058,21.8271462722868,21.7140287093391,22.2361683403506,22.1334239741287,21.939077604893,21.9168096374132,21.0409370809889,21.138236021627,20.543449426848,20.7185536810253,21.0568342979051,21.4296678032382,21.3626666372781,21.284826856222,21.8292630720353,21.8565454417614,22.1620288315605,22.0648938069001,22.0267539845795,21.9305733243961,20.0463262489253,19.7593694815244,21.7098603098621,21.7042224364135,22.3097290174532,22.2880771489705,20.8961208498838,20.6687510823708
"1891","sp|Q03013|GSTM4_HUMAN",23.1595188160374,22.3276202197371,21.8965165547734,21.4459617752802,21.6578077825655,21.4474420381694,19.6770033938258,19.9076367202935,20.3418149775398,19.9274644718085,21.4821322766514,22.1635326548619,20.679672374029,20.9741416121944,20.4196968218997,22.1719054607424,22.8820928555323,22.8549693736695,21.5498314291977,21.6202027683876,20.1335598068774,20.9611287077306,20.7192254169526,21.2014810844082,21.1376921805794,22.3391541457251,21.8137323391818,20.0232239998104,20.3457318552529,19.9137231178959,21.4133107489954,18.6671030178313
"1892","sp|O15143|ARC1B_HUMAN",24.086280741826,24.1917896197878,23.4003384639459,22.1403976381687,23.9244722893251,23.4606946707448,21.0767288791477,20.8716442954472,21.3535064607842,21.2850065024601,23.1123260381435,22.6936435036237,24.0149067269506,23.9260094635928,23.4973048467178,23.2958555828852,23.6926192455865,23.3853720481096,21.1082250845295,21.2191729895129,21.2718890729134,20.8689395892751,21.3305146498023,21.2015290428036,23.7416923102298,23.1854814771187,20.8526608103991,20.5585166610936,22.07194464142,21.7856199938625,22.7048867348333,21.2849254643085
"1893","sp|Q00688|FKBP3_HUMAN",22.337997358733,22.2220274925568,22.4170395261747,22.5161740479885,22.0832515537627,22.1822720333569,22.0711864002378,22.0884979050522,21.9001274983169,21.8734489999377,22.2644189723679,21.75998603723,22.0842105133154,21.771170193561,22.1238676531699,21.9786978186024,21.7895985522066,21.5874519123156,21.6348684213754,21.7341479283538,21.714519158737,21.7700017972256,21.8807638227298,21.9336205546326,21.2600031680219,21.3532736787255,21.3980802840196,21.5921468893352,21.5230940529993,21.3534519300067,20.3510613914232,20.3508196125086
"1894","sp|O95169|NDUB8_HUMAN",20.6740920738668,20.9385059617833,22.5662010554032,22.5586176474541,21.1930533804391,21.4515491746521,23.3423927810311,23.4171080219799,22.8420484376233,22.7801635752607,22.6895278642094,22.7476015406024,21.1036307581463,20.9984120943901,21.1782632759862,21.1480621174208,20.7827752023559,20.934522939696,23.0616578580292,23.1567077194841,22.4955247812008,22.5117470934542,22.2724954182946,22.2975007172484,21.8772933348256,21.8951899345319,22.5893612674081,22.6536792514287,23.3232090501408,23.4997124383843,20.9134489304414,21.1013254750094
"1895","sp|Q9Y2B0|CNPY2_HUMAN",23.5603557338118,22.5316741056105,21.5871458275308,21.4949804120003,23.3366651201825,22.0151659354633,21.3897354338984,21.4000380904707,21.753099834427,21.6405380319409,21.463107132453,21.3473691440224,22.7903090213017,22.7662282583404,24.8041136585837,24.5900040743292,24.6457414244408,24.5791863284069,21.7830549774745,21.7042173441384,21.4507838056352,21.559111569028,21.5802962472776,21.5775111399406,23.0407200427838,22.8723015184851,21.7248520349893,21.6595045556344,21.6360366214336,21.5020178156629,22.8631820466283,22.9206868394926
"1896","sp|P54709|AT1B3_HUMAN",22.3231003321554,22.5037717160579,21.0623482313814,21.255568390226,21.2337067590254,21.2175109821646,21.5163768999593,21.4560217451545,20.9877824365048,20.8117508053432,21.2644767376944,21.3691049053546,22.3070553295248,22.0742887611943,21.4781900313287,21.4321406296871,21.9986414726017,21.7520630676518,21.5225908804158,21.3048096534146,21.5263525169577,21.2883100336713,21.1238332934108,21.3390097274225,23.0892363421249,23.1938823767343,21.2506379700213,21.1755715354794,21.0360736163759,21.1228644187928,22.5226879495053,22.5094791964751
"1897","sp|O15400|STX7_HUMAN",22.9696702250602,23.4409936359511,23.3825826559422,23.1838006668048,24.8424980146408,24.7790874164148,22.9647551420804,22.8699437721791,23.4070761320237,23.3723342448385,22.9199533132183,22.9174554267185,22.6656363726996,22.3792233679067,23.9098423575933,23.7453664336433,24.0650978954048,23.8723485784839,23.6095111841105,23.6510553389022,23.8851533881842,23.8781616334316,24.0456167347656,23.9555781904728,24.3689675433453,24.2756186110399,23.4351707311898,23.4003794407442,22.8405918679806,22.7784889397561,24.0946665459887,24.1887820332213
"1898","sp|O15145|ARPC3_HUMAN",23.7206982823227,23.9012426435782,22.7956159324513,22.8574803142284,22.839584057587,22.7337885462437,22.6662971825491,22.8439547343168,22.9912343025953,22.9905331394467,22.7877800075867,22.8695135295837,23.0470436048766,22.8951981884769,23.2024209637278,23.1049363346744,23.0683994607453,23.5473492632258,22.588348204117,22.6543922394898,22.5416936007109,22.6046882311642,22.6271699998269,22.6366825128088,23.625581110362,23.5241434592702,23.0401441034042,22.9710466318871,23.0538532591415,23.1140614416639,22.9848597695225,22.9844592395149
"1899","sp|P12004|PCNA_HUMAN",21.6356223106591,21.8297853849982,19.9585798349324,19.7278307261967,22.7552286633569,22.3954590251556,19.5824639018168,19.4074201005668,19.8534068246327,19.6837782686585,19.8537423864657,20.0600991947062,22.5139281570673,22.1655088745941,23.7088648858871,23.5295464501243,24.1814462174044,24.044769991959,20.6729840760445,20.6816832918047,19.7147201599323,20.0044536364,20.1753565597529,20.3291612480042,19.245303707817,19.3008041116129,19.8089668125201,19.9652086254146,18.8357052260957,18.9998837985368,21.762911766578,22.1615581724525
"1900","sp|Q9BRX8|F213A_HUMAN",19.3350241574006,19.5434525452631,20.9525123632747,21.116683664942,21.1074002654936,21.1731442114957,21.9967206458198,21.8284604706185,21.2979975985534,21.1155385839797,21.4344197838996,21.4101043148668,20.1321671386571,20.1049277875641,18.0195834538036,17.8517340971286,17.1533567607383,17.4634033901833,21.0809504670897,21.0375007713171,21.0371888761151,20.984935085579,20.9113378817107,21.0191377621638,20.9297673220567,20.8387963136183,21.2957405953157,21.2885435947141,20.9182519359988,20.9260639164393,20.1729193315374,20.4551823305636
"1901","sp|Q15257|PTPA_HUMAN",20.2742878246718,21.100344994139,22.5770242200005,22.526909950897,19.8339464199015,19.7279138118817,22.3890407863047,22.0202830869929,21.9954530811675,21.9510844799385,21.4791664091852,21.4950704869185,21.7895577447687,21.7941207143669,20.9108695023873,20.6489508550042,20.5664249472312,20.3476143729977,22.126033425693,22.2158353263313,21.8033861036566,21.8326512316985,21.9433752890035,21.9965538907464,19.9622648518176,19.5615011943421,22.2479351177727,22.2005354813199,20.8024984737068,20.6802857211865,21.3746534239262,21.5311524654206
"1902","sp|P40121|CAPG_HUMAN",25.8062871359035,26.3256162880467,21.440163027432,21.6345132061648,24.3795841709503,24.2945988254249,21.2828230076682,21.3276108892651,20.9262764013249,20.8768937861885,22.4709457258022,22.3480202124284,21.9733388451393,22.0929106424606,21.8064034882932,21.6154807199717,21.4022363190893,21.4277475942413,21.1404162481705,21.1448415663927,20.0087987377663,20.038700686454,20.6117140496948,20.7853317160261,26.7997937375214,26.7707236367078,21.0416153028913,20.8265133753923,22.4709241862743,22.6429019911166,24.3327956765787,23.7627872425703
"1903","sp|Q96GD0|PLPP_HUMAN",21.2276991352038,21.5718408951391,22.5220248050777,22.5896019110203,21.4629370916487,21.8296413537271,22.3774028738232,22.4296238931894,22.8652507933318,22.8986567923877,22.276682144828,22.2912326139216,21.3462034485796,21.2587162198097,21.4443025975759,21.1910095028928,21.8488583773685,21.7804521919744,22.4379452681041,22.5475880056071,22.4207014232615,22.4212488856692,22.325164289862,22.4578923171574,23.0169479190995,23.1276871962941,22.7950519470644,22.8103104123247,22.8897257512284,23.0909376462528,22.0763833947923,22.2330017992191
"1904","sp|P18124|RL7_HUMAN",23.7254574646832,23.3902445566386,21.3213665823565,21.4205581858018,21.9177482978047,22.0920659255492,21.4610201066891,21.4528639278381,20.4040411756203,20.6137240814463,21.1415804606102,20.7733064711871,22.204780158914,22.0844705532331,20.738382825487,20.4246364178923,19.9336321934156,19.8857889334908,20.7724534538967,20.8544279604275,20.3367234540291,20.3813190218703,20.0737245293793,20.1688297690135,20.787469336044,20.6896025553382,19.6605925028454,19.8106842947146,21.4151681869159,20.9726236412388,21.2305769638257,21.3617583210699
"1905","sp|O60888|CUTA_HUMAN",21.3763179137158,21.6491194871647,21.8332627134125,22.193672134182,22.2279839255922,22.16874072026,21.5150348824581,21.619821719628,21.9342216180335,22.0622680526798,22.9356737146788,22.8199461771792,22.9994220585155,23.0845514106385,23.6488492202885,23.472394565739,23.2891936780935,23.2097946751429,21.8635688708206,21.9774029778225,22.2628924496679,22.3003749369655,22.3087831074736,22.2844043377395,22.4965957424025,22.391889472923,22.4271259594261,22.4442418553932,22.2442422082912,22.2861843298643,23.4028154019937,23.4257370976553
"1906","sp|Q14011|CIRBP_HUMAN",20.9045079986298,21.1146803284071,20.338512338371,20.122009438446,16.0585777322946,18.1807541438317,20.2071953138449,20.1434179380039,19.0943306879004,19.0965812007467,20.0272960323936,19.910440132802,19.5796672694429,19.4508887912485,23.1559907012886,22.7927029747515,22.6229725755029,22.2443487162459,18.6101069899143,18.713863983358,18.7002640236616,18.9814334066598,18.9777353993123,18.8139016314764,20.1252061637693,20.032344162559,19.5384650051256,19.5206363877217,19.5016208049338,19.4391131046693,19.6138914295523,19.8644206602169
"1907","sp|P01019|ANGT_HUMAN",22.3491169996604,22.2652717166352,22.9267433958795,22.8574803142284,24.5467796346364,24.4900746371536,20.7762393040977,20.5016309056322,21.6862361532421,21.563544894893,22.5027255269948,22.5186824078978,23.8717154467559,23.8092650458494,21.720841060564,21.4470867724259,21.2831205863874,21.1551873126505,21.2434777025786,21.3716890379297,21.6367236032883,21.6653466370802,21.9046004282092,21.8147735941704,22.4278565634001,22.2406264089309,21.8025920979476,21.6257140749968,21.8226725153401,21.9371810512583,21.5528114657453,21.8349848764251
"1908","sp|P05937|CALB1_HUMAN",11.4636540638083,11.304039212273,17.5892164483856,17.4119282507559,12.3916309694991,12.8622674974243,16.3428106252157,16.3574186019882,18.6734305910983,19.2588528490247,14.1356314418586,12.0213584902078,14.8866089045426,14.4860941309724,15.8981222305283,15.9310902006389,15.296248771441,15.3052829536861,16.1994730656142,15.5007673238443,17.1475325257263,17.5020415940609,17.2598283863614,17.3166154491091,12.4340071449846,11.9014397971126,18.5906873997431,18.7616602368614,13.2371956226083,11.7430454545951,14.6823253028571,14.0002194982547
"1909","sp|Q14CZ8|HECAM_HUMAN",21.8653316591183,20.6594476654526,23.6951771749487,23.6988326695757,23.2687113651083,23.4159936405138,23.7204802052786,23.6098299935394,23.3106561645794,23.3547233450928,23.4736392475374,23.2228118875603,21.5723949968299,20.9717139105771,17.6236846102209,17.5549325430774,17.34704311764,17.5391948779006,22.6148901734207,22.7891020161772,22.5853151756562,22.649673991159,22.7786959186492,22.8821452188284,21.559627100747,21.5979542670311,23.0299141958655,23.02064750165,23.1185761193402,22.9190301255403,21.8667646512109,22.001774325131
"1910","sp|Q08257|QOR_HUMAN",22.3067320591501,23.1137261579402,22.6402123558525,22.6098722074036,22.8646617314964,22.6107629545288,22.4356136644359,22.5303214206546,22.5979321349383,22.6428246190314,21.9327153972604,21.4981792265796,21.3074718709448,20.9641785815703,21.8746354233801,21.7283321798313,21.8164722547748,21.8137533329696,22.8887791832425,22.9012520298562,22.9132935474455,22.7795449551079,22.7105022795758,22.5770905469866,21.4040768375499,21.1910816613407,22.8072085874291,22.5637217104917,22.4437102759313,22.2367568017584,21.6581600572648,21.5497966429364
"1911","sp|Q9UKA9|PTBP2_HUMAN",21.7992596720606,22.0241474075781,20.0243481946321,20.4853084881167,20.729959977735,20.8736997501477,20.0853461476328,20.1978072855285,20.2713140541462,20.3496868354629,21.5582536210936,21.2948419724357,21.3520669965584,20.7588248918387,22.0677658871,21.9679610860944,21.9647060357527,21.8611178324361,20.2712151734781,20.2529171338732,20.4017659913845,20.3213115875544,20.6657992125911,20.3923491416242,22.2225094814393,21.9566673763373,20.2968948313196,20.1809977744918,20.3890409159713,20.0479326642857,20.7950565023847,21.0076622838409
"1912","sp|P62906|RL10A_HUMAN",23.2015656472317,23.3886860959883,21.7256786730518,21.5999283875152,21.5292411430472,21.6783860076627,21.2595985203095,21.0373675681778,21.0610525485376,21.2680889117213,22.0386808693677,22.0956028185801,22.4448009084378,22.5086690265864,22.4723171831544,22.4431641658284,21.7867332346455,21.7078807804991,21.551404931168,21.5638288441537,21.2661795516902,21.3345166977059,21.4778629540943,21.2051657768138,18.8855093053042,18.53585343919,20.6589635618358,20.7655427761183,20.7922735822147,20.8677764237576,20.1340034002453,20.0331459106258
"1913","sp|O43765|SGTA_HUMAN",22.5416747408818,22.0848475033835,21.8631511510885,21.8113214437562,22.4332186918794,22.3786803820024,21.8431755508718,21.8951281946906,21.9924962719147,21.9776232471069,22.6709401499347,22.3756077641665,22.1097558937993,22.1161206915413,22.1433938452654,22.1365732878639,22.6019069258739,22.3504634062055,21.9107135179896,21.956403999512,21.7091898648789,21.6613437936178,21.5506263766778,21.8536513898069,22.3226000210968,22.5462159919034,21.7168475004997,21.7413886423513,22.1436514408566,22.0142472275525,21.4678290540978,21.5097395689566
"1914","sp|O43488|ARK72_HUMAN",21.3977925073675,21.0419344570516,22.9596734928077,22.9467000371186,23.7814318869357,23.8942546243026,22.5318651234442,22.4049916642415,22.7059324356922,22.7236042663113,22.7169782597729,22.0949157099193,22.9424596416652,22.8436944787616,23.755044657194,23.5432778248197,23.5703504805361,23.5780633510389,22.4898562041347,22.5042278113814,22.9395223949667,22.9438691168577,23.2913395838802,23.3051628566624,20.948886375621,20.947569690351,22.9341951684398,22.9811132382905,22.584949264478,22.5033166809942,22.4785395111996,22.7843848395813
"1915","sp|O14495|LPP3_HUMAN",17.8548044522834,18.294897844628,22.4993859481832,22.4385480837915,21.2178206241899,21.2281072823515,22.7410047218058,22.7123337730514,22.309252878521,22.3549942145353,21.2973607668367,21.3872259245656,20.528227294586,20.3524192255365,17.5624815198294,17.4442912568852,17.3753215031832,16.8443905173845,21.796428159948,21.7293808697048,21.8101453013231,21.8988027608381,21.5478249143804,21.5504383288987,19.5489674062219,19.616315022928,21.6945210872087,21.7988041241834,21.8669200043996,21.759282798388,20.3949102832459,20.3140698116448
"1916","sp|P51571|SSRD_HUMAN",22.9971433094871,23.5489751609177,21.1298790866381,21.0137761454161,22.0410177387541,21.5880102376259,20.3854558240644,20.3273328226123,20.5426623976599,20.6286256677594,21.6969155188157,22.1067664739888,22.9725209125539,22.9407680646146,23.5238076440208,23.5510818841125,23.5059588752971,23.4519252263979,21.0087215059409,20.9162982308538,21.4413556703291,21.2594247737871,21.7030750330038,21.6851532862418,23.3141450460593,23.1935816736232,21.0529914204463,21.2312200817132,21.544824438703,21.4161336016329,22.572432650202,22.5103534783185
"1917","sp|P49758|RGS6_HUMAN",4.90631842574168,11.4748126178778,18.7128849382164,18.6227588366662,17.5640388032567,18.0514921417801,18.3303365353433,18.0854073139594,20.2895065259194,20.5494776031099,12.3685327049285,13.240995606934,14.088843520468,14.2033797710811,-26.044873078568,8.15144862667199,-26.478330578549,6.45696223542631,14.7505419328335,15.3281158757857,18.9690149984086,18.8520793601753,18.456911039845,18.4302563429072,12.7503615286578,14.7160060310756,19.7323437724051,19.7952551755625,13.3840905593915,15.9078424570796,13.4345159231619,13.2662956250528
"1918","sp|P39019|RS19_HUMAN",23.1043940237608,23.4433209454818,21.5305980374691,21.5327910545161,21.9000833529247,21.7697785535325,21.3061858771397,21.1094068122755,20.9456271634692,20.90910304362,22.8799046885807,22.9174554267185,22.3517879222809,22.3800756252246,21.9287932242041,21.9266990118574,21.3728702131338,21.4597283541515,21.4800251796711,21.3792810305763,21.4759176399223,21.4378411065083,21.5026521131675,21.5359928603247,15.4986672135258,14.9958749087247,21.0336766278448,20.9905455445844,21.0944070627444,20.9155435263986,17.7901478641002,18.2257499051411
"1919","sp|P14324|FPPS_HUMAN",22.595007648581,21.3838018197299,21.7918612802159,22.1815316596244,23.9842559419345,23.2247478796362,22.9647551420804,23.10209204816,21.7486092778147,21.7089542480635,23.4069646088364,23.3958723981989,22.4638080313935,22.4387390120975,22.658685207644,22.4842412611155,22.6652269545762,22.7148988484471,23.0711947260124,23.1476972242188,21.9319776229487,21.9964652023145,22.1486837527543,22.1506919868052,24.4499930980811,24.7383442409173,21.5853443335736,21.755877976224,23.4081311375107,23.3202344371738,23.2880634295541,23.2032697778799
"1920","sp|Q13442|HAP28_HUMAN",21.2841125007412,21.2946738461962,21.0592519256498,21.1112917656901,21.4330710925768,21.4390462419598,20.8848959157153,20.9348124741495,21.1380097641108,21.0155551915861,21.7787441311831,21.8580784266172,21.6082699013873,21.6730885097826,22.6072799107788,22.7838273007342,22.592798936907,22.6691090188214,20.7775155602159,20.8688442550504,20.8332059903871,20.6087237420134,20.6345757162865,20.6806637671122,22.0829516615088,22.1126307649738,21.0406369255964,20.7030677294073,21.7096416043322,21.6626241098453,21.3399214897489,22.1013540787154
"1921","sp|P30043|BLVRB_HUMAN",26.2770349413711,26.4869943063723,23.6664796292674,23.5761444338743,23.9226344808387,23.9596856182743,23.0014633258054,23.0541345631818,22.2206205578927,22.0889447062735,23.0339715797969,22.9362005150705,24.9110974972606,24.715827550178,23.6880885481073,23.8528925755646,23.5544669126884,23.5002706646139,22.833608086943,22.9332182950905,21.6810267361958,21.8425740697437,22.2313849805701,22.4399521237549,23.1757457798101,23.2857515750624,23.0502973817026,23.02064750165,22.2475789222416,22.3219692082157,23.325996716229,23.2846638597266
"1922","sp|Q8N5K1|CISD2_HUMAN",22.4710904062516,22.2798004373482,21.0321718032876,20.9761809611027,21.2644058795546,21.1913859195841,20.8277780503052,21.0369118803316,20.8864044537699,20.7183874013467,20.9110209137532,21.0859245821529,21.7246660171891,21.2846177299879,21.5670777926845,21.2748993831686,21.7929402330682,21.5540405053806,21.2395259809992,21.3586437563318,20.7138998266095,20.9082051131432,20.989466548462,21.178338913235,21.9981560613356,21.9773487096385,20.7639832084281,20.7720101480696,20.9420472509639,20.7869801173369,21.3793648647969,21.5384405857023
"1923","sp|Q9H8H3|MET7A_HUMAN",23.3637267701538,22.848478200706,22.4647040648297,22.5161740479885,23.273847900922,23.5071858852083,23.5028069241743,23.6179862001728,22.5677353403084,22.4520905752378,21.600489920314,21.7530353972381,22.7430466608933,22.7304745305861,22.3787629455887,22.0278256451537,22.1232045879852,22.1413784690633,22.4958181447035,22.4977348609449,22.5654552757637,22.5903676835873,22.5015857296517,22.4713480030268,21.6204723014513,21.6072221407133,22.5601514837708,22.4805723404747,21.9202782576544,21.7750729833312,22.2140523845973,22.0933508453215
"1924","sp|O75832|PSD10_HUMAN",22.0925098995297,22.3573156022309,21.7797747845031,21.834595215193,22.965905503952,22.4720341711846,21.3712372624004,21.5892755499819,21.4831181710162,21.6917253396981,20.7367499796406,20.6795482879311,22.6312535013841,22.288989050858,22.7206480240455,22.6599713860649,23.1678218225287,23.2985565922178,21.7602781834587,21.7308650819565,21.7405037499373,21.7793554705086,22.1346614283069,22.21956996347,20.160637841031,20.319686996413,21.824821882819,22.001997751378,19.5716248070588,20.7682960184456,20.8610195912542,20.6682665413474
"1925","sp|P16989|YBOX3_HUMAN",25.6612234639417,25.6666703653801,21.4385015907867,21.2921768673677,23.1120555262755,23.010198155134,21.615049017686,21.3197019867326,21.1052762252385,21.021375155559,22.1358419298903,21.1750182742301,23.7720028734747,23.6959829374791,25.2721773884851,24.7888010073256,25.2158782929078,24.1912931157407,21.835946372851,21.7561890952561,21.5848778055272,21.1071243275335,21.463432360121,22.1167306265574,23.964331405176,24.1658890245361,20.426768345749,20.33071802569,17.8500710935668,20.865623163577,23.0986059170341,21.5332807338764
"1926","sp|O14964|HGS_HUMAN",19.4389985729323,20.2064184532385,21.3152619857981,20.9710520396548,19.8316783568876,19.8486628411795,20.8069951514039,20.7339658775062,21.2671474283944,21.4415692929309,20.7400073820328,20.4293328399741,20.0607211940813,20.0272336008883,20.4955984618008,20.4070418707973,21.0796057458624,21.0058409125416,20.4457547957859,20.5810860601582,21.0118319412597,21.097549136508,21.095073520364,21.1285206770379,21.244274570175,21.3085148788788,21.3219957557425,21.4127454654756,20.9756268791293,20.9184512183655,20.8591691131187,22.4595919148966
"1927","sp|P62888|RL30_HUMAN",23.651368934714,24.0349436637546,21.7346196319083,22.0435225171896,22.3702907518358,22.5898450281324,21.9578748531984,21.9317780246277,21.6897242865507,21.722992728257,22.0811059019473,22.2366146181539,22.4317615863752,22.5818917158289,23.7215703401946,23.9082141663146,23.2394239255136,23.035046044388,22.2240616342072,22.1080942446806,22.0032418416528,22.1392865981573,22.35386063333,22.3025735391245,20.5210959776933,20.5862964052514,21.8149034616724,21.7469706126129,21.5209044579222,21.4048163926617,21.9036029801821,21.9338789429742
"1928","sp|O60925|PFD1_HUMAN",20.4379262394065,20.6824758828587,21.3506435592417,21.1897080102782,21.5490795898761,21.5088843847963,20.733778651795,20.9237274790518,20.9846664230495,21.1644908641724,21.5892096550605,21.6752502800266,21.887383952394,21.5392803746853,21.3955206453863,21.2307791444557,20.9032953712252,21.081495584778,21.0575187136848,21.0076324875855,20.9247026728288,21.2325510735902,21.0639314079819,21.281182304534,21.9634938584969,21.9691115683901,21.2935809948057,21.4798626536945,21.6522680270263,21.4854074851187,21.0838019641599,21.0925154002655
"1929","sp|O75935|DCTN3_HUMAN",21.4281776445677,21.5700220441021,22.0188772307131,21.968718735196,22.7057856029601,22.6782407725466,22.2516545624872,22.04648513752,22.4861997226495,22.4493382096464,21.9541245107655,21.8731777130931,21.565474396663,21.3328004391909,20.4694765979786,20.4133410039589,20.6070497709442,20.3487278771096,21.9165538418254,21.7862253165389,22.0344878403587,21.9690408531834,22.0732062402151,21.9586686465517,22.4068030584212,22.4118131644182,22.0121247560888,22.3521241785098,22.4889797096652,22.3712327868791,21.7535061969419,21.572045969315
"1930","sp|P43307|SSRA_HUMAN",22.4531827998973,22.4011886884153,19.9299882340562,19.8746592219869,20.9615726099646,20.9029577954737,19.6106938984613,19.7007418479466,19.5276365294915,19.4753268941841,21.046451283795,21.4455538117119,21.3573844825951,21.2704108137318,21.380418312707,21.2113590242488,21.8196891928201,21.783589564585,20.1767154764063,20.8878175133407,20.0852229374755,20.1141223647925,20.0777755757048,20.0730410836906,21.9498863670824,22.0507698462458,19.8666587348191,20.0001884015635,20.4692360484605,20.2339761590697,20.5407348468328,20.6127261907874
"1931","sp|Q9Y2S2|CRYL1_HUMAN",21.0104047047001,19.9090032778574,21.0332411058776,21.0989019751386,22.4564226764952,22.3842346767036,21.0785718048369,20.8781106435977,21.2431101203888,21.1352627682698,20.7791494160708,20.7741032158444,20.5748447890777,21.0132164239676,20.6270211981862,20.5012956696951,20.500256537608,20.4244075684293,20.9792344871788,21.0393540018725,21.0487792152065,20.9860527015357,20.9927171088749,20.9507542494882,20.7622075133712,21.2143494594753,21.4966496173039,21.4526468147839,21.8389329264567,21.2065307361709,21.0382595789517,21.1422663570916
"1932","sp|Q00266|METK1_HUMAN",21.3495395736571,18.9342482204398,19.7997124196989,19.170869843967,20.6470136332573,20.4125776259839,20.2059534187851,19.3871047215418,19.4652124036001,20.2030979468499,19.4908612193949,19.7601691796025,20.3133405021825,19.5706767629303,20.4857524083565,20.658293150993,21.0126156226814,20.8838475397139,18.5528136801994,18.2772914166731,18.7995646324691,18.7649724956462,18.8749857929093,19.6087960615661,22.7218905935542,21.3218452264246,19.027747168129,18.7884194457151,19.2380152844386,18.0612767915422,20.5082919332011,19.6297375604216
"1933","sp|P14923|PLAK_HUMAN",17.1434318248312,16.9284283593362,12.0649232790197,-15.3229607485674,14.6249237263254,14.7325869248775,17.8892248187494,18.0040170971031,17.6388666850095,18.1200268672336,11.5768394432589,13.9305465002929,13.6405157643096,13.9781533376549,14.8107863914359,11.1469923684792,16.3931961122189,12.6316147747269,16.1825736214759,15.9546037213558,13.6024184048481,12.8282375942349,12.6770792199759,14.872973089427,16.7005148248806,16.0377037686245,11.5283330981488,11.6171297542977,-13.5156394230634,-13.8168486470975,15.0998119909034,16.0827849584078
"1934","sp|P28072|PSB6_HUMAN",20.3439342445801,19.6126962380205,20.3273753255226,20.0976889725794,20.7759130637001,22.0938174100809,20.0215728584703,19.773919336734,19.9657144706465,20.037551629696,20.1842279008669,20.1093059864055,20.7276654842646,20.0094178837212,20.13836870724,21.0076515728538,20.8986567890597,20.6156136464173,20.2175891818922,20.0019697551405,20.389960933646,19.5860511670206,19.7900459967699,20.2256732777385,21.903219710484,22.097919857972,19.6101101799669,19.5642618861818,20.4483377833661,20.4788087205058,19.9668890535231,20.4250199441986
"1935","sp|P11166|GTR1_HUMAN",23.1281282191253,23.6066811338072,22.5770242200005,22.5997748772801,23.0610744467628,22.851825412097,22.2881871084703,22.3408540185977,22.4440699290174,22.4007364367845,22.3365163833955,22.273973123819,23.8717154467559,23.7724293132001,22.1846571642958,22.1895608756412,21.8722346417983,21.7240117564177,21.8372704744532,21.8162960439493,22.6390939748881,22.6224173010386,22.5121287927968,22.4565996273597,22.5693063610651,22.6890478869323,22.3399269071888,22.424034049504,22.7438377188682,22.8088162193286,22.6189032807062,22.344092797141
"1936","sp|Q9NVJ2|ARL8B_HUMAN",20.3753047489541,19.8338283798735,21.5036664305874,21.5116015860752,21.7071216445627,21.931412880542,21.1913385631404,21.2495435606129,21.527106961171,21.6663932989323,21.3009692235523,21.1113003273718,21.5106910821559,21.5798205321039,20.4094145211722,20.4252505158217,20.5919226618632,20.4923605557194,21.1202375072417,21.0405294814395,21.4282605641761,21.4056133494464,21.3783980193982,21.5751605164978,21.4226575147925,21.3318252345713,21.9501544889942,21.9532840379029,20.8226252094665,20.8998776725793,22.1288219652964,22.3175917452049
"1937","sp|P52815|RM12_HUMAN",19.6183754280114,20.3585576333599,20.5816030602428,20.4100653351421,19.5055752083625,19.5882076261015,20.1760905873757,20.2786084945274,20.4475260801095,20.3724287481232,21.0796991094277,21.0182805574099,21.2093083747481,21.2527793052325,22.1181938249147,21.9522634345992,22.1312325804192,22.2488002253102,19.9863377725181,19.953240209686,19.9816495987698,19.9975377130328,19.9504417478349,19.7631511078436,18.7798966707575,19.0317721088823,20.3041006439561,20.3750509321718,20.5324964905219,20.6018557039156,20.7890464202881,20.831182600308
"1938","sp|P51970|NDUA8_HUMAN",18.940299140878,18.6297313803593,20.1938620215012,20.1013268995755,15.0093836765542,15.4357021406529,20.3196205619162,20.4325329230195,20.3058412838902,20.3665860477557,17.701211592778,17.4382753411615,18.89319119433,19.5852070187189,18.5738600407723,21.1662093828921,19.8795372001222,19.6669910728657,21.5246095232843,21.2335970796552,22.3427413974627,22.2405068341268,21.5206497233127,21.8025417806802,11.8135543603012,10.7070585436936,20.4493083090265,20.3243260949364,15.2636414622815,15.1749031666623,18.3153924876852,18.5759641085726
"1939","sp|P62314|SMD1_HUMAN",22.3355724062746,22.2415987659598,20.5701412874203,20.1285668986567,20.9062751780825,20.745817439376,20.3342675455543,20.2944838803038,19.831709092182,19.8950375580245,20.7955844899429,20.5843501733361,20.7663798001299,20.6293499125103,20.8213414940474,20.810565534482,20.6924534066736,20.2948136861938,19.7875244221487,20.0036764677069,20.2566981541257,20.2601475175027,20.040174371649,20.1134694079319,19.7548366974806,19.8075138172945,19.461163402427,19.3035873238849,20.4949460687256,20.3295832890446,19.5051792202802,19.8247085176824
"1940","sp|Q8N3V7|SYNPO_HUMAN",21.1800666271934,21.5113406893158,23.2773313931406,23.3799006267789,19.6056495352426,19.8584741697546,23.9396812021162,23.9364047966763,23.8162410266878,23.8296875536667,22.2644189723679,22.3756077641665,20.976955333096,20.9257341463809,20.4904272691353,20.3339210154825,20.112746020848,20.0968366116024,23.2410960196012,23.3649726990333,23.3347154382977,23.4235212315479,22.7237747764034,22.5180433176936,21.2663006906627,21.1788188081027,23.672108187819,23.6361512450368,23.8916493474976,23.9417522463414,21.1663721620829,21.1274489347158
"1941","sp|P02452|CO1A1_HUMAN",27.8711000132907,28.0098932044496,22.3550059165037,22.1296307099831,21.7948713240375,22.0159414828068,23.6389857166813,23.7198806658459,21.4571206801324,21.5372526133371,22.3365163833955,22.1559486534222,24.4159472548012,24.3026593371616,24.5274993345607,24.1753506224336,23.9016686217862,23.7930682008181,21.7696076314468,21.7421273517463,21.3187445915741,21.2992154554396,21.5468355981834,21.4190208546997,21.4134728233976,21.5468002299683,21.1782320699181,21.3049930033509,21.7093778327387,21.4302137043626,21.0762408503076,21.0373393123613
"1942","sp|O15173|PGRC2_HUMAN",22.7120497900259,22.2841513170655,21.216921865132,21.0444447176565,21.9452199936948,21.5321687868124,21.5570527941902,21.5947474444434,21.0674778109151,20.9973690974362,21.6689141146704,21.7220069351032,21.3973490264431,21.4421031438334,22.8987864148373,22.6996409444239,23.1051107115813,23.0077021189341,22.0768410573948,21.9236915282935,21.6561368258267,21.7354696504585,21.5444265188529,21.7183841336794,22.7322288805826,22.6836979643769,21.0197610698134,20.9560687669293,21.8575954652848,21.7392514429983,21.870201086858,21.7709506617456
"1943","sp|P11169|GTR3_HUMAN",18.8076892763349,19.0465998262049,21.1232252302774,21.086772759976,20.091508103458,20.1315706669149,20.9987762141306,20.9629626224579,20.6837803137888,20.6943652169786,19.937800077504,20.1361796903042,19.6621857724868,19.6086515375532,16.9520244855461,16.3426323732389,15.4474925829293,15.727692057994,21.0196531808286,20.9293512224377,21.1535569035998,21.045551594904,20.895281717384,20.9581217647169,19.0370724395669,19.1116867967263,20.6722841129489,20.6219947067896,20.4323708226327,20.4424442844776,18.9438583507784,19.1787621097277
"1944","sp|Q9BPW8|NIPS1_HUMAN",22.6507442298848,21.7032623925283,22.2168031860859,22.3068243766223,22.6451877387811,22.4301801739323,22.5574028190574,22.7092245810339,22.0456569948549,22.0318060495771,22.9356737146788,22.7893785788591,21.537564606026,21.3835774794114,19.306787423478,19.1707197595043,19.5525406318782,19.5019495269124,22.6016817886816,22.5078552895775,21.8873884559813,21.9017471650481,21.7831710184582,21.7694811548135,21.4613143365994,21.6443339531803,22.3718262547346,22.3302896147542,23.4131774997532,23.4198673008642,20.2466165848896,20.2153205619296
"1945","sp|P55290|CAD13_HUMAN",17.6351115887681,18.5361683289387,21.7370440647643,21.7436197913623,15.559520733361,15.8577755873105,21.4664571860844,21.4721911864716,21.762182277935,21.8607867898504,21.0384168342014,21.0029534657184,18.4828852894234,18.3140831654407,12.3143649880973,15.3677325528387,13.5322608010088,15.7955513783003,20.9127843127504,20.4705031603036,22.0145591077258,21.4638406141622,21.1758037609877,20.5911199214799,20.1603508911508,20.2320708299847,22.253576587781,22.8216406234153,22.7827558870994,22.6931091181931,18.7534765320707,19.2725419110175
"1946","sp|Q92905|CSN5_HUMAN",18.9597542728573,18.4996222775676,19.8615943771887,19.6490908536486,20.3249630578575,20.2239333841773,19.9943251629777,19.9047229209589,19.8657975188337,19.7410504177314,19.9477341800963,19.8230222776361,19.1090267025981,18.6267352549059,18.7090513144402,18.5463604018353,18.5376048989177,18.778380809988,19.8827821069233,20.0039686111345,19.3709988594101,19.4793987732871,19.0391661642419,19.0634576883953,20.0307208445849,19.991869833846,19.4138957858181,19.5308381382011,20.5290519399159,20.5908674703012,18.2308053788487,18.3790120963992
"1947","sp|Q9NQT8|KI13B_HUMAN",18.0635248171555,18.3400512769126,21.0056364602985,20.8240480191139,20.7420213611088,20.9903076633253,20.7085535744931,20.6795140223789,20.5973689457744,20.6559263096849,19.6942234213064,19.5422683814393,20.0942670797902,19.948864745146,18.9476281715999,18.8258004315966,18.9363150044234,18.9182004885208,19.967146028833,20.0361263432666,20.6475279595084,20.6764258229533,20.5149611133888,20.4040179371113,20.6612249886054,20.7339622403363,20.8326549333764,20.8013153075375,20.5473133403293,20.8539156034113,20.6493401345712,20.5274591047776
"1948","sp|Q12797|ASPH_HUMAN",23.1507370118271,23.4490219427137,21.212771314634,21.2929176440115,22.7331767749513,22.7049177154321,21.9440111392334,21.5551112277403,21.4524032574023,21.1581526554988,22.1087273379416,22.0992090526007,22.482794146501,22.330891809541,22.605210648641,22.69444231084,22.3969587065905,22.4869881135843,22.3334379055607,22.2084570802804,21.3526089935103,21.3817259932092,21.6201240166201,21.6501497763904,22.3281388553716,22.2647300667467,21.6219704560558,21.4972949297783,21.759605261582,21.8845899867072,21.1586211336666,21.3672984143508
"1949","sp|P04004|VTNC_HUMAN",26.2606407370359,26.1186700707012,22.1894673641048,22.2006617768403,21.3020451350811,21.3270859349609,19.3281796952116,19.4953221475311,19.0738067853693,18.925739985731,21.9206694456816,21.8165633201267,24.1003221502351,23.9372081139338,21.381097679073,21.4536579424965,21.0319746360623,21.0328819071411,19.7999184750199,19.7204112338183,19.05710273205,19.0504035731134,19.2060389144405,19.2328463100471,22.1826034449894,22.2044234900855,19.8902390550795,20.537487642188,21.3738701898116,21.8115621465976,19.7614876511084,20.2046015411782
"1950","sp|Q9Y3B3|TMED7_HUMAN",24.3233727336084,23.1237795376172,20.3832560099331,20.3358022759667,20.6058713282112,20.6766570630174,20.9895959200956,20.8582482029805,20.2650023452468,20.3504188563476,20.3958704889811,20.4981251353791,21.9043770081085,22.0499676022141,21.9946959512762,21.9261768618321,21.9604717702818,21.8862533039472,20.7304362552802,20.6831948847599,20.3658560873659,20.5002783009103,20.2321212893556,20.3571466086199,21.6106418594816,21.4703689251114,20.2680406862089,20.2991883223471,20.4856009095167,20.6441220300543,22.0457907865084,22.0532697550171
"1951","sp|Q92783|STAM1_HUMAN",21.6846812461319,22.7874977129479,22.3925649906868,22.4499128751787,22.1507739071018,22.0560483028083,22.2727491995694,22.2723939670713,22.4805997488403,22.5715829643461,22.2270067512853,22.0769290921759,22.7221050600848,22.5807893738263,22.7596466357411,22.4474214946564,22.8724648551033,22.7421945630312,22.2316977512047,22.286213827048,22.22055136132,22.3048418424642,22.0355358094677,22.1646462070816,22.4942410543166,22.6924562803144,22.4537234157529,22.5015711610648,22.2709780702906,22.4660316722924,21.932304334826,21.8767716027899
"1952","sp|Q66K74|MAP1S_HUMAN",21.5235529112508,21.8442735541148,20.9380599943497,20.8672577757962,19.8732900815543,20.0519421466488,21.3575231438983,21.3345410799602,21.4765249716822,21.3502811044478,20.8990856619787,20.7700689104915,22.4710813101414,22.0021169035654,20.9681131775314,20.652370389968,20.9113152652494,20.7239548142895,21.0247730675813,21.125554510584,20.8394639050685,21.2378175376043,21.0652986289244,21.0474036374201,20.4465192861389,20.5920523083152,20.9158892423541,21.0433848957619,21.2599619978152,21.0752916983454,20.8807413922245,21.1627006001501
"1953","sp|Q16186|ADRM1_HUMAN",20.7592681510595,19.5943712120221,20.3169337064942,20.4559052335936,20.4371332968001,20.399179402047,20.2040956283326,20.3708614276917,20.2485286864985,20.2809383871917,20.3209537968403,20.4096792309409,20.6854472896593,20.3069264536924,21.1285323792359,21.3797394345324,21.1304211128468,21.5443820988492,20.6057765507866,20.37812751971,20.4227349950065,20.473637139157,20.5490472014111,20.4941228777307,19.8751359941469,19.8913633550097,20.3213766474038,20.65621942983,20.3196677860461,20.5050156552139,19.3498103988019,19.5555021598707
"1954","sp|Q9Y376|CAB39_HUMAN",18.8517673341202,18.3421652406902,20.7276141173694,20.679320595638,20.4577865578173,20.5065889192231,20.6589137144793,20.58011343562,20.7759619566012,20.6335741581822,20.3946272442265,20.4183577981187,20.4873185500591,20.0529551010556,18.9750116314432,18.7211602694618,18.6092442951655,18.3840508784445,20.0789667358533,20.1462934637855,20.2791959967902,20.4500488349462,20.197458123061,20.1953038844406,16.9132701610556,16.8667090127826,20.5643485242486,20.5261137926258,20.6163855202714,20.6012792149395,18.8912028351121,19.106691435942
"1955","sp|Q8TCZ2|C99L2_HUMAN",21.0709793107197,20.065706290531,22.1234121620131,21.9179410484553,18.0020405190151,17.3642177746919,22.7090052479067,22.6411206936696,22.862786238902,22.8710972960524,20.7597767231795,20.778780411174,21.3028562288008,21.0784342844979,15.9511622155426,15.8322882419369,15.8112716657639,15.3701867424465,22.1290210315019,22.0174615417601,22.4294969027386,22.3413231057963,22.2743891782002,22.1249110042841,17.0716977941343,17.0588015828966,22.7067584685861,22.7402627757292,21.3936172610185,21.3357863919779,18.7861095262134,18.9950562825233
"1956","sp|Q16630|CPSF6_HUMAN",21.6802714646194,22.0702607953635,20.6411720818224,20.5726987924073,21.7881116587012,21.7249634817326,20.9738971255867,20.9066176053752,20.6451944083796,20.7376734119534,21.9121310999316,21.9408910292556,21.2766996333649,21.1026062729308,22.8854959568651,22.69289189729,22.9787112970921,22.857216743423,21.299513220671,21.4191668610705,20.7545020549467,20.5618908865341,20.7027507653682,20.7471078552447,22.1165802479929,22.0185558471476,20.7053846276278,20.8649340348136,21.4963593443129,21.3897120346638,21.3332326296445,21.4388429285216
"1957","sp|O75822|EIF3J_HUMAN",20.7769706218477,20.5101715490359,20.3699728216473,20.4788714889768,20.7732214781112,20.6505930938232,20.2616166203894,20.2163051251354,20.3894943482949,20.0770767667565,21.2274505254068,21.0216362104316,20.9925126302013,20.926506150899,20.8306838689214,20.8717156390235,20.6245326908082,20.5417502683751,20.6352633434343,20.5929975106527,20.4801612216564,20.4890037666289,20.5248187669695,20.5814843688918,21.4259143243303,21.2033895140907,20.2455715542624,20.4587909308774,20.5594145307761,20.580944620462,20.8980683049026,20.6639165816688
"1958","sp|P07585|PGS2_HUMAN",24.9226963239586,24.7801861512429,14.225987228502,12.5107567745144,20.2173158048246,20.3227163033158,21.1398804941906,21.090473937075,17.1053991683363,16.533902725949,16.3685455721695,16.5532989529796,21.5155595995088,21.2405541756546,17.7658663783867,17.6528678758744,15.7873040553946,15.4766592349585,14.1760297749308,14.0887195359811,12.7491623956871,11.5076352815773,10.6226531559286,12.3485044592185,14.8159186646752,14.2209992688868,17.5924306578963,17.7510101362517,16.2830602181311,16.226323904404,13.4303050304965,11.4001085344599
"1959","sp|Q12904|AIMP1_HUMAN",22.1496437111328,22.4722402471556,21.6209078498866,21.5008430628165,21.8425697227706,21.5975037920063,21.5193567110612,21.4414967367388,21.4903651817972,21.4265585346993,21.4605045871565,21.5565783176109,21.5561916317742,21.573812236434,22.671889254921,22.6200509445367,22.7674566115802,22.8060175107643,21.4880307299638,21.4942533156009,21.3613876566732,21.3423851365612,21.3604793176197,21.4033935133018,22.610908508699,22.4398192334565,21.2755197814399,21.390801034406,21.1691935861572,21.3879475503602,22.2683945285038,22.3004585716568
"1960","sp|P51858|HDGF_HUMAN",22.2036068023487,22.1918631892047,20.3990291407922,20.2117315390155,20.1191199391656,19.7377815234729,19.8977275594928,19.9912239909492,20.4301460981089,20.2272241214719,21.4677128572125,21.4366953945183,21.6309608966572,21.7405646645648,23.8378294814369,23.7352123389835,23.6628206615478,23.4022428798935,21.3722815289593,21.3403907131123,21.0222346375603,21.1177269059447,21.5061909691829,21.4326646565428,21.5442496615688,21.5750290001,20.7746588695227,20.8322118165189,20.2196883808163,20.4835673662401,21.7757060381989,21.7944135659891
"1961","sp|P0CG04|LAC1_HUMAN",23.9120798012096,24.2071328702252,22.3163786698044,22.1471883207444,23.0348462174775,23.1074830278778,20.5315452405448,20.5359016259374,21.013895717454,20.761327775159,24.408320236591,24.4262237596702,26.3290568811473,26.3544107896961,24.1088680657249,23.9959894365273,23.3027726739112,23.2806785304435,21.0224710704054,20.8396200263847,20.2342318562256,20.3790935903721,20.603935344155,20.5996764973285,23.6856309942812,23.4358959230697,21.8066888739636,21.8163309903184,22.7446776887023,23.0117247028165,23.2636673142867,23.3479065364474
"1962","sp|Q9Y2T2|AP3M1_HUMAN",19.0943100957494,18.9992696880473,19.3977439170906,19.415276683069,18.7525007377725,18.0419316459233,19.3030558718736,19.2836500527662,19.2758494462247,19.3177534548399,19.1300741342163,19.1427320719487,20.5963226663066,20.5974947224582,19.9051355485635,19.8697177104611,19.8050646619697,19.7591024526278,19.08425293187,18.9181521083028,18.8181119193255,18.4846471299559,18.8889915171666,18.836283317943,17.6216375864808,16.8569046895792,19.3226811491699,19.3558426831744,17.7184797446476,17.7996609931683,19.7867947224685,19.8162360901119
"1963","sp|Q96MZ0|GD1L1_HUMAN",14.539140761567,18.6039985485417,22.0641865339407,21.9827259623925,20.4804296817693,20.7717655206375,21.4846374503911,21.4641522682866,22.2670541522049,22.3618600529178,20.852128348569,20.5891724061293,19.8776906783093,19.1038929594303,17.0727477623348,16.7142986029158,16.7713874729002,17.2715493843599,21.9782217405269,22.0157527967648,21.9004490497946,21.9410635743601,21.697986221203,21.6904157530007,20.7802646198147,20.5934288115655,22.1780975194595,22.1268206194782,22.0734532650931,22.2164212030281,20.1496749193539,20.3486942627255
"1964","sp|Q6PI78|TMM65_HUMAN",20.1124887036737,20.0390897339146,21.61966199849,21.5576024029864,20.4231985206638,20.5116679056291,22.5014443847738,22.5522288991725,22.0635423685535,22.0857018865658,21.4709499767363,21.5674495519141,21.1109186036139,20.8421488209662,20.8717658152564,20.9367549680462,20.8363761937936,20.6381278430052,21.992914899004,22.1106673859664,21.7322352225049,21.7638210062617,21.7532307300161,21.7995530025361,21.6300369632606,21.6253873550892,22.1363387535012,22.1826709712612,22.5713041639975,22.3749617211417,21.0095057808902,20.8919960963471
"1965","sp|A0MZ66|SHOT1_HUMAN",20.1675927969084,20.0155521084271,19.9670041956602,19.9612851514569,20.0525577850779,20.1432436868065,19.8342614677822,19.7823169050884,19.7816021036921,19.9405285861084,19.6128882663783,19.8104392788877,18.1197797053269,18.021821966394,16.8863397942727,16.556235308165,16.9140332724161,16.8163961681069,19.1283099079814,19.0173158904038,19.9724345880977,20.0581271910351,20.4668779956209,20.5612438152728,22.4984531321761,22.4600142029441,19.6588343010261,19.4092165663007,19.4729170296379,19.304620716925,20.6005017876134,20.8584041035781
"1966","sp|Q9UBQ5|EIF3K_HUMAN",21.5238580971382,21.5897889101814,21.2915466041646,21.3715803838503,22.9105807415278,22.8096031436958,21.2273704628812,21.1349714955514,21.1427978542793,21.1041065307295,21.4288476298595,21.3409611112913,22.1305793496331,21.9074573480102,23.1261854516822,22.9279327776289,22.7464095129954,22.7166469411266,20.9363515142773,20.9909935538983,20.9573098540907,21.1354387975493,20.8949165000667,20.897107951367,22.9243674571591,23.0251480897516,21.720782924542,21.9136648911751,22.5000126946888,22.3559064643553,21.9141457747331,21.9684280067235
"1967","sp|Q9Y371|SHLB1_HUMAN",19.9931064117504,19.8683180407814,20.0739401239463,20.1461540599058,19.992434414275,19.8958561930752,20.3024845254601,20.2268449411889,20.1774210528468,20.1562200635791,19.7108330010466,19.4410582579143,20.3440094484968,20.2961571647925,20.3346431804547,20.2400576536383,20.2735239962173,19.7353591177464,19.8280739071198,19.7741735055221,19.8850298024524,19.8316876389084,19.9016039157163,19.845815377969,19.8350578869719,19.8736386869456,20.0413104756481,20.0344999676968,19.4393375132773,19.9648169612717,19.4447454616361,20.0427451073087
"1968","sp|P07099|HYEP_HUMAN",22.0074740309013,22.473594518538,21.7128702681284,21.9240982574778,22.1859047955802,22.3435707805989,22.6813216533609,22.6629014818773,20.9429054028519,20.993508584815,21.062780754691,21.1486886351301,21.8857916297424,21.8395028934956,21.1558449606018,21.0417489094821,21.3189144376011,21.5137022516016,21.6449686984327,21.6395357202427,21.1590747595258,21.1414530558245,21.8812636779399,21.7380742288796,20.4135534352189,20.333493645685,21.4093259099851,21.4232142128035,19.6619042478782,19.7047809664865,21.5744093174403,21.6199497702695
"1969","sp|O43678|NDUA2_HUMAN",20.1945685689756,20.5857737278639,22.3293768548348,22.3682866587656,20.4490302664478,20.3202395233637,22.0300817721173,21.9161270590686,22.1010653400846,22.0749445448812,21.9087650534815,21.858874482814,21.3878537647729,21.4535246706934,20.5287982863051,20.5027845260005,19.4689957033973,19.6266073903087,21.6658659301341,21.6752955608774,22.0561871136312,22.1225115869975,21.920307275109,21.676096588184,20.5246591700959,20.6022726459002,22.7950519470644,22.855073243622,22.2796117440136,22.3204920458621,19.975381092359,20.1125062207695
"1970","sp|Q96FE5|LIGO1_HUMAN",20.7894191080948,20.5953058002636,21.4561200189713,21.3950590269365,20.4436851462636,20.9506309436494,21.1034147453632,21.0777128250548,21.2822632496034,21.4345715567988,20.2767392504854,20.7610031556879,20.0213830797031,19.8575145790439,17.9784925374594,17.0344201684264,18.3586699268705,17.9787895680212,21.4492239135622,21.4703063555635,21.2037825957527,21.2735397521345,21.3051723253219,21.2253681602263,19.1014925535119,19.3465850341781,21.0351395281034,21.2689777935136,20.6905634037024,20.676282725139,20.3258643029465,20.5168515823109
"1971","sp|Q9H3Z4|DNJC5_HUMAN",18.7542966682207,18.9817716088497,21.2916694972708,22.0396777238236,19.7804881212455,20.3594743315516,22.8348743743913,22.8641646863487,22.5922877689711,22.6541587805238,21.7118913945818,20.8533455321087,21.5097430866656,22.0184358305553,18.4308750850826,18.483850064031,19.4699454582932,18.7695571429581,22.0898556420587,22.3690466532852,22.1291316418748,22.2310358531048,21.9439364828163,21.6627743130644,21.1825698142431,21.1175723658431,21.902827060556,21.8539181959794,22.6206381349877,22.4682778371432,21.062525947154,21.2916007459895
"1972","sp|P60520|GBRL2_HUMAN",13.8483819774287,13.9059471986483,20.1222723433935,19.9182796560499,17.7830110573141,18.0994130575851,19.6035525069097,19.7599442356841,19.7515470393506,19.8074604800663,19.2391623248253,19.3323206606141,18.5173335374108,18.4579435485829,14.0345426389455,13.9254898454612,13.983567667738,13.9892086105712,19.6255188353328,19.1500710153623,19.7650470566839,19.6124165795302,19.2551793199556,19.498951863127,18.4262433078976,18.0767263771593,20.1301705229999,20.1300514391686,19.6799957734479,19.82244896802,18.3380235806097,18.3209798119077
"1973","sp|P68400|CSK21_HUMAN",20.7342434191402,20.8955855241667,22.0595913983027,22.0293938724238,20.6058693200286,20.4460430492507,22.0562531385143,21.9370904943221,22.0494319336615,21.9623405561608,21.5964831747378,21.4876524771162,21.552721477022,21.4720571461168,21.2527309766943,21.0926964213892,21.1521067787432,21.1772301399672,21.4944381562922,21.7817233643835,21.6380310749746,21.6744983769727,21.6454411174753,21.5174649733608,20.6981385801412,21.0240300634047,21.7873572284049,22.1205181887907,20.9870587520178,21.3286167622282,21.747674293597,22.0484026997284
"1974","sp|O95817|BAG3_HUMAN",21.3843165724785,21.6976891069088,21.6507039881939,21.4418426870255,23.5670577095219,23.827486048411,21.4800156973245,21.6184050539674,21.3302119985507,21.2797115224066,21.1523419594853,21.3279001213307,21.6115421914137,21.5650243803081,20.0771255628449,19.8602530647285,19.7648886260123,19.6805234004411,21.2653100321062,21.2315181349918,21.2548913253489,21.3901464529408,21.1829950275533,21.0663778640079,22.9371416238172,22.8712337564626,21.3389370292558,21.3229137216102,21.7007273221533,21.6909402996832,21.8926530157529,21.9247164439629
"1975","sp|Q9NQP4|PFD4_HUMAN",20.5013861457543,20.0727148956442,21.2800683564245,21.3352905673024,21.9379783059491,21.6327649219972,21.1774077990915,21.3835290885844,21.9419783852122,21.9422282958814,21.8907811731382,22.2105424081506,21.7745998877225,21.6915650906972,21.8257799248008,21.8281578047729,21.9403426095719,22.0360579942934,21.8008086675548,21.76084859374,22.0007122575501,21.9762691181927,21.8030626908963,21.7655945825806,22.2583024368352,22.2607936151444,22.1778145934269,22.084177285595,22.2029314105673,22.2792486118722,21.9837655194468,21.9309871108604
"1976","sp|P56545|CTBP2_HUMAN",19.5841802557696,19.9924436221091,19.8047400586732,19.8212035272907,18.4165863852679,18.5507539145743,19.8750178509112,19.925110480533,20.3721975922344,20.3669635564681,19.9441142455467,20.0596865081765,20.9323434512622,20.651125609232,21.6023348940155,21.5408690720873,21.5119784640582,21.6530470068863,20.0683579360691,20.2224768328026,19.3742396071332,19.4278162314031,19.6729784989618,19.7196789959729,19.857019054685,20.003128601678,19.9636713879241,19.9952530826727,20.0009192268649,19.9943982026755,20.1146320814822,19.9965515714775
"1977","sp|Q6P587|FAHD1_HUMAN",23.0497884045325,20.8236385552441,22.4647040648297,22.6397214231432,24.1937143521236,24.124483029563,22.6042133662451,22.7778801103659,22.94660771112,22.9817493738967,21.9290704879508,21.8614354994628,21.7607657797137,21.6319491557872,21.8424517769326,21.6257886323079,21.9103351995832,21.7993340197866,22.5135872107817,22.400461589632,22.6843504978501,22.6765340433103,22.5119372881192,22.4220424235366,22.1762089867252,22.2789889485021,22.7453048476001,22.6914664199647,21.6250553679441,21.7962701366147,22.4049944421201,22.3541865239575
"1978","sp|P35556|FBN2_HUMAN",16.7726523175047,16.7386635213814,15.4820583420056,15.2856834178295,16.5749841166177,17.1091023601852,17.5460950336284,15.1270898097222,15.8804105901016,15.9829385693022,16.928771691363,16.5719158468817,15.7827233148751,14.059707895149,19.1271525218803,19.3091915672705,19.1955066793848,19.366404741226,12.4246479369232,14.3869627066045,14.6762224325967,13.9772796260468,13.3987229053382,12.0956587864919,15.817037980356,13.6589124495219,14.4551157421352,15.2877211108305,15.3065506168429,16.8512495644554,14.434569734923,13.7601187948853
"1979","sp|Q09470|KCNA1_HUMAN;sp|Q16322|KCA10_HUMAN",16.671166865278,17.4097286179064,21.2033113338019,21.2041320270568,20.2438884687454,20.4152017504929,21.545979138713,21.4767578210188,20.8115171384135,20.6284064259967,20.6116289173349,20.5102353320184,18.7787934794372,18.7049782356731,13.5903408243271,11.7360939109983,11.5179368915108,12.6685342459794,20.041350653813,20.2485973190197,20.9272266775177,20.9824527284768,20.5462825688429,20.5089871778112,16.592821826338,16.4749186812257,20.5882047905021,20.8745627075106,20.6123798024959,20.5314544618706,20.5264851743372,20.7535455477572
"1980","sp|P48739|PIPNB_HUMAN",20.1167390194406,20.788725940481,20.3695098123889,20.6849379813254,19.4158541901258,19.6069232643909,20.6061206995688,20.7469773873979,20.9224795856893,20.9771221510564,20.0572409212087,20.029682350958,20.251824232306,19.9914977493812,19.925709311518,19.744476621115,20.9292853091652,20.602493172479,20.4838996115944,20.5266614292147,20.6562482853477,20.6515305448701,20.9962185564646,20.7936683526494,20.6544770958642,20.6934966516794,20.4075761240297,20.5653416921345,19.8161771816625,19.8872482058985,20.9484078860075,21.1617922935224
"1981","sp|Q14576|ELAV3_HUMAN",18.917957965462,17.3461320173299,21.1602201480316,21.2328290780506,16.556918386145,17.8006628406088,20.8659755051924,21.0041847154256,21.3231705625545,21.1565007714274,20.4876983732859,20.3249970055246,19.3741030701408,16.3118322618673,20.18986274781,20.9202309825512,20.5402247280393,20.5422244379834,20.2140727824269,20.419553185984,21.0796531304208,20.9999895273986,20.817860574957,20.5324926510857,19.6821279801539,20.2264097297839,21.1978065971041,21.2030407842336,20.8750571558216,20.724373499474,20.3210673812757,20.1436125431079
"1982","sp|P55769|NH2L1_HUMAN",21.8703478034532,22.3438575864949,19.8788725569952,19.6267060758975,20.0237055731145,20.5112649870318,19.8746044052122,19.9856041667095,19.7347121426914,19.6579225124463,20.5209498789422,20.208630854242,21.5788794276645,21.3636393307684,23.6558634296335,23.3463176627762,23.3035211771393,23.2145369552769,20.1055186862414,20.0777113330967,19.690776014693,19.7304300678381,19.930164768758,20.0347531778967,20.3287133550899,20.3395994921689,19.986476594542,19.9950104629034,20.1381225436728,20.1756676705711,21.0206135919545,21.0410779086425
"1983","sp|P41217|OX2G_HUMAN",18.9623273297124,22.4109909538205,23.270878649555,23.2418748913847,20.9274185466348,21.8474411431898,22.2993809916032,22.0890790752229,23.0443956160167,23.0384645046108,21.1435100769177,21.4359737467917,22.3791214248048,22.2042405385341,17.1822262285315,17.1501827837518,17.2117136613494,17.9903974669895,21.0461384923119,21.0547620352103,22.2023668297485,22.2119338074912,22.1831424345812,22.1565644179219,21.1680885946155,20.9972114127609,22.2335508571071,22.1826587484017,21.2606175878766,21.4474934252077,20.4358683529788,20.7861700832822
"1984","sp|P21397|AOFA_HUMAN",20.7306776844557,20.4963536287004,21.4828549352613,21.4461546925878,21.656484540837,21.0129272409909,21.7191058952414,21.8097676503867,21.4452767657982,21.4116329645598,21.2163052964625,21.4780150515886,20.6749485712603,20.7825815380061,17.6625052916279,17.5834471119723,17.6719584423624,17.0321169931518,22.1457925589676,22.0961153042925,21.6402586145585,21.715929096194,21.5396747894988,21.3916141855312,19.1118250927207,19.6111461953561,21.3209664566786,21.4689089987246,22.3945030031289,22.0098505323028,20.0446003598429,19.8340723735041
"1985","sp|Q6IAA8|LTOR1_HUMAN",22.5209971132039,21.1443880669506,20.5009482597295,20.6175623521547,21.2035164509031,21.1421207528443,20.4990434229705,20.5829329464499,20.8253755129559,20.7550503378068,20.9451772667615,20.911853910089,21.4748640435341,21.2873833424891,21.8378169938025,21.712690721809,21.5375218551247,21.5755198250692,20.1659796285581,20.1084987767359,20.4259930290896,20.6356699675872,20.946015622186,20.9450352818854,22.4421782943265,22.7199694912275,20.5688792318772,20.5318604773132,19.6823634271191,19.5901108364523,22.702506144592,22.5674421427991
